Nom : Civ
Agents : 1
Scattered : 0
Couleur : 0.8002755,0.5525114,0.85882354
