Nom : Helenes
Agents : 20
Couleur : 0.6489584,0.8791209,0.7137255
