Nom : Troyens
Agents : 40
Couleur : 0.375,0.4979253,0.94509804
