Nom : Myceniens
Agents : 0
Couleur : 0.8662281,0.974359,0.6117647
