Nom : Phoeniciens
Agents : 21
Couleur : 0.48958334,0.58181816,0.21568628
