Nom : Troyens
Agents : 1
Couleur : 0.375,0.4979253,0.94509804
