Nom : Cretois
Agents : 0
Couleur : 0.4691358,0.69827586,0.45490196
